1801079 1
1802138 1
1803001 1
1803002 1
1803014 1
2002001 2
2002002 2
2002003 2
2002004 2
2002005 2
2002006 2
2002007 2
2002008 2
2002009 2
2002010 2
2002011 2
2002012 2
2002013 2
2002014 2
2002015 2
2002016 2
2002017 2
2002018 2
2002019 2
2002020 2
2002021 2
2002022 2
2002023 2
2002024 2
2002025 2
2002026 2
2002027 2
2002028 2
2002029 2
2002030 2
2002031 2
2002032 2
2002033 2
2002034 2
2002035 2
2002037 2
2002038 2
2002039 2
2002040 2
2002041 2
2002042 2
2002043 2
2002044 2
2002045 2
2002046 2
2002047 2
2002048 2
2002049 2
2002050 2
2002051 2
2002052 2
2002053 2
2002054 2
2002055 2
2002056 2
2002059 2
2002060 2
2002061 2
2002062 2
2002063 2
2002066 2
2004001 10
2004003 10
2004005 10
2004006 10
2004007 10
2004012 10
2004017 10
2004018 10
2004019 10
2004020 10
2004021 10
2004022 10
2004044 10
2004045 10
2004046 10
2004050 10
2004053 10
2004055 10
2004056 10
2004059 10
2004061 10
2004062 10
2004069 10
2004072 10
2004078 10
2004079 10
2004083 10
2004089 10
2004091 10
2004092 10
2004100 10
2004105 10
2004109 10
2004111 10
2004114 10
2004115 10
2004116 10
2004119 10
2004120 10
2004121 10
2004130 10
2004131 10
2004145 10
2004147 10
2004163 10
2004169 10
2004170 10
2004171 10
2004172 10
2004173 10
2004174 10
2004175 10
2004176 10
2004177 10
2004178 10
2004180 10
2004181 10
2004182 10
2004183 10
2004184 10
2004185 10
2004186 10
2004187 10
2004188 10
2004189 10
2004190 10
2004191 10
2004192 10
2004193 10
2004194 10
2004195 10
2004196 10
2004197 10
2004198 10
2004199 10
2004200 10
2004201 10
2004203 10
2004204 10
2004206 10
2004207 10
2004208 10
2004210 10
2004211 10
2004212 10
2004213 10
2006001 5
2006003 5
2006004 5
2006005 5
2006006 5
2006012 5
2006018 5
2006019 5
2006020 5
2006023 5
2006027 5
2006031 5
2006033 5
2006034 5
2006036 5
2006037 5
2006038 5
2006040 5
2006041 5
2006042 5
2006043 5
2006044 5
2006045 5
2006046 5
2006047 5
2006048 5
2006049 5
2006059 5
2006061 5
2006063 5
2006078 5
2006080 5
2006081 5
2006085 5
2006086 5
2006087 5
2006089 5
2006090 5
2008001 8
2008010 8
2008013 8
2008014 8
2008019 8
2008022 8
2008023 8
2008024 8
2008029 8
2008034 8
2008043 8
2008048 8
2008052 8
2008053 8
2008054 8
2008055 8
2008056 8
2008057 8
2008058 8
2008059 8
2008060 8
2008061 8
2008063 8
2008066 8
2008067 8
2008070 8
2008075 8
2008077 8
2008078 8
2008079 8
2008080 8
2008081 8
2008082 8
2008083 8
2008084 8
2008085 8
2008086 8
2008087 8
2008089 8
2008090 8
2008091 8
2008092 8
2008093 8
2008095 8
2008096 8
2008098 8
2008100 8
2008102 8
2008103 8
2008104 8
2008110 8
2008122 8
2008123 8
2008125 8
2008131 8
2008140 8
2008144 8
2008156 8
2008157 8
2008159 8
2008160 8
2008161 8
2008172 8
2008173 8
2008174 8
2008175 8
2008176 8
2008177 8
2008178 8
2008179 8
2008180 8
2008214 8
2008236 8
2008237 8
2008238 8
2008239 8
2008240 8
2008241 8
2008242 8
2008243 8
2008247 8
2008258 8
2008259 8
2008301 8
2008019 8
2008022 8
2008029 8
2008054 8
2008056 8
2008057 8
2008058 8
2008059 8
2008060 8
2008061 8
2008140 8
2008214 7
2010001 7
2010003 7
2010005 7
2010008 7
2010010 7
2010012 7
2010013 7
2010014 7
2010015 7
2010016 7
2010017 7
2010018 7
2010019 7
2010020 7
2010022 7
2010024 7
2010027 7
2010029 7
2010035 7
2010037 7
2010038 7
2010040 7
2010041 7
2010042 7
2010047 7
2010049 7
2010053 7
2010066 7
2010067 7
2010079 7
2010085 7
2010095 7
2010100 7
2010102 7
2010116 7
2010119 7
2010122 7
2010176 7
2010178 7
2010181 7
2010188 7
2010189 7
2010197 7
2010200 7
2010201 7
2010202 7
2010203 7
2010204 7
2010205 7
2010206 7
2010207 7
2010208 7
2012001 3
2012002 3
2012003 3
2012004 3
2012005 3
2012006 3
2012007 3
2012008 3
2012009 3
2012010 3
2012011 3
2012012 3
2012013 3
2012014 3
2012015 3
2012016 3
2012017 3
2012018 3
2012019 3
2012020 3
2012021 3
2012022 3
2012023 3
2012024 3
2012025 3
2012026 3
2012027 3
2012028 3
2012029 3
2012030 3
2012031 3
2012032 3
2012033 3
2012034 3
2012035 3
2012036 3
2012037 3
2012038 3
2012039 3
2012042 3
2012043 3
2012044 3
2012045 3
2012047 3
2012048 3
2012050 3
2012051 3
2012053 3
2012054 3
2012055 3
2012057 3
2012060 3
2012061 3
2014001 4
2014002 4
2014003 4
2014004 4
2014005 4
2014006 4
2014007 4
2014008 4
2014009 4
2014010 4
2014011 4
2014012 4
2014013 4
2014014 4
2014015 4
2014016 4
2014017 4
2014018 4
2014019 4
2014020 4
2014021 4
2014022 4
2014023 4
2014024 4
2014025 4
2014026 4
2014027 4
2014028 4
2014029 4
2014030 4
2014031 4
2014032 4
2014033 4
2014034 4
2014035 4
2014037 4
2014041 4
2014042 4
2014044 4
2014045 4
2014046 4
2014048 4
2014049 4
2014051 4
2014059 4
2014061 4
2014063 4
2014064 4
2014065 4
2014066 4
2014071 4
2014075 4
2014087 4
2014088 4
2014139 4
2014140 4
2014141 4
2014142 4
2014143 4
2014144 4
2016005 6
2016006 6
2016010 6
2016011 6
2016015 6
2016019 6
2016020 6
2016021 6
2016022 6
2016023 6
2016024 6
2016025 6
2016026 6
2016027 6
2016028 6
2016029 6
2016030 6
2016031 6
2016032 6
2016033 6
2016034 6
2016036 6
2016038 6
2016039 6
2016040 6
2016041 6
2016046 6
2016048 6
2016049 6
2016051 6
2016052 6
2016057 6
2016059 6
2016060 6
2016090 6
2016091 6
2016092 6
2016095 6
2016096 6
2016098 6
2018001 9
2018002 9
2018003 9
2018004 9
2018005 9
2018006 9
2018007 9
2018008 9
2018009 9
2018010 9
2018011 9
2018013 9
2018015 9
2018016 9
2018017 9
2018018 9
2018019 9
2018020 9
2018022 9
2018023 9
2018026 9
2018027 9
2018028 9
2018032 9
2018033 9
2018034 9
2018036 9
2018037 9
2018038 9
2018039 9
2018040 9
2018041 9
2018042 9
2018043 9
2018044 9
2018045 9
2018046 9
2018047 9
2018048 9
2018049 9
2018050 9
2018053 9
2018054 9
2018055 9
2018056 9
2018057 9
2018061 9
2018066 9
2018076 9
2018077 9
2018079 9
2018135 9
2018136 9
